MxForce Drift   Pressure        TOTEN           Filename
3.3462  0.0781      0.09        -182.607712     400/OUTCAR
3.3329  0.0546      0.64        -182.507035     450/OUTCAR
3.3350  0.3200      0.80        -182.460890     500/OUTCAR
3.3187  0.0052      0.78        -182.485530     550/OUTCAR
3.3150  0.0160      0.74        -182.523641     600/OUTCAR
3.3151  0.0287      0.72        -182.567981     650/OUTCAR
3.3146  0.0185      0.72        -182.604619     700/OUTCAR
3.3146  0.0229      0.73        -182.633787     750/OUTCAR
3.3139  0.0055      0.76        -182.650427     800/OUTCAR
3.3106  0.0412      0.77        -182.657550     850/OUTCAR
